camera_params:
  cx: 640.3682861328125
  cy: 359.1807861328125
  fx: 646.19921875
  fy: 645.3533325195312
  image_height: 720
  image_width: 1280
  png_depth_scale: 3.891
  # png_depth_scale: 6553.5
  # png_depth_scale: 0.257

dataset_name: 'realsense'